2 0 5
16 16 40
2 2 15
7 0
-12 0
91 24 4 24 22 32 12 32 93 32 32 93 42 32 91 12 
24 24 4 24 93 32 91 32 42 52 91 42 91 91 22 12 
4 14 14 34 34 54 54 42 52 93 62 52 42 42 22 2 
14 24 91 24 34 91 91 93 62 91 93 32 91 91 12 2 
14 91 44 44 91 91 54 44 91 64 52 52 22 22 32 22 
24 64 92 74 54 54 24 24 24 44 92 42 22 42 62 91 
91 84 92 82 91 91 14 14 91 54 42 54 91 52 93 93 
91 64 93 74 44 44 14 14 34 92 22 52 91 82 52 42 
14 54 42 54 91 14 4 4 24 22 32 42 93 91 42 32 
14 34 91 34 14 14 4 4 24 22 34 91 44 54 91 93 
91 34 22 44 24 34 14 14 24 93 34 24 24 54 91 82 
54 54 22 22 91 34 91 14 24 34 34 24 91 44 92 92 
91 91 42 52 72 84 54 44 14 24 91 34 24 64 62 62 
42 42 42 91 91 91 91 74 91 34 24 24 91 64 92 42 
22 42 42 52 82 91 91 91 84 91 44 54 64 91 92 42 
91 42 91 22 32 91 91 93 91 91 44 91 92 52 32 22 
