2 0 5
16 16 40
2 0 38
-2 0
0 0
3 3 3 3 3 13 11 11 11 91 91 13 3 13 91 11 
3 3 3 3 3 13 91 13 13 23 23 13 3 13 13 13 
13 13 13 3 3 13 13 13 3 3 3 3 3 3 3 3 
11 91 13 3 3 3 3 3 13 13 13 3 3 3 3 3 
11 21 33 33 23 13 3 3 13 91 13 3 3 3 3 3 
1 11 91 91 91 23 13 13 23 21 23 13 13 3 3 3 
21 31 41 41 41 91 11 11 91 13 11 91 13 3 3 3 
91 91 21 91 21 13 11 11 11 11 11 11 13 3 3 3 
21 21 31 33 31 13 1 1 1 11 11 21 13 23 13 13 
1 1 21 91 91 11 1 11 13 21 91 21 91 31 91 11 
1 1 21 91 31 21 23 31 91 33 21 21 21 91 21 11 
11 11 21 11 23 31 91 91 41 91 11 11 21 21 11 1 
11 91 11 1 11 91 93 91 31 21 23 21 91 23 21 11 
11 11 11 1 11 31 91 31 21 21 93 21 21 91 21 91 
1 11 11 11 1 21 21 21 11 91 31 21 21 21 31 21 
1 11 91 11 1 11 91 11 11 11 21 91 11 11 91 11 
